fract1 800 800 0.5 0.5
fract2 800 800 0.5 0.5
fract3 800 800 0.5 0.5
fract4 800 800 0.5 0.5
fract5 800 800 0.5 0.5
fract6 800 800 0.5 0.5
fract7 800 800 0.5 0.5
fract8 800 800 0.5 0.5
fract9 800 800 0.5 0.5
fract10 800 800 0.5 0.5
fract11 800 800 0.5 0.5
fract12 800 800 0.5 0.5
fract13 800 800 0.5 0.5
fract14 800 800 0.5 0.5
fract15 800 800 0.5 0.5
fract16 800 800 0.5 0.5
fract17 800 800 0.5 0.5
fract18 800 800 0.5 0.5
fract19 800 800 0.5 0.5
fract20 800 800 0.5 0.5
fract21 800 800 0.5 0.5
fract22 800 800 0.5 0.5
fract23 800 800 0.5 0.5
fract24 800 800 0.5 0.5
fract25 800 800 0.5 0.5
fract26 800 800 0.5 0.5
fract27 800 800 0.5 0.5
fract28 800 800 0.5 0.5
fract29 800 800 0.5 0.5
fract30 800 800 0.5 0.5
fract31 800 800 0.5 0.5
fract32 800 800 0.5 0.5
fract33 800 800 0.5 0.5
fract34 800 800 0.5 0.5
fract35 800 800 0.5 0.5
fract36 800 800 0.5 0.5
fract37 800 800 0.5 0.5
fract38 800 800 0.5 0.5
fract39 800 800 0.5 0.5
fract40 800 800 0.5 0.5
fract41 800 800 0.5 0.5
fract42 800 800 0.5 0.5
fract43 800 800 0.5 0.5
fract44 800 800 0.5 0.5
fract45 800 800 0.5 0.5
fract46 800 800 0.5 0.5
fract47 800 800 0.5 0.5
fract48 800 800 0.5 0.5
fract49 800 800 0.5 0.5
fract50 800 800 0.5 0.5
fract51 800 800 0.5 0.5
fract52 800 800 0.5 0.5
fract53 800 800 0.5 0.5
fract54 800 800 0.5 0.5
fract55 800 800 0.5 0.5
fract56 800 800 0.5 0.5
fract57 800 800 0.5 0.5
fract58 800 800 0.5 0.5
fract59 800 800 0.5 0.5
fract60 800 800 0.5 0.5
fract61 800 800 0.5 0.5
fract62 800 800 0.5 0.5
fract63 800 800 0.5 0.5
fract64 800 800 0.5 0.5
fract65 800 800 0.5 0.5
fract66 800 800 0.5 0.5
fract67 800 800 0.5 0.5
fract68 800 800 0.5 0.5
fract69 800 800 0.5 0.5
fract70 800 800 0.5 0.5
fract71 800 800 0.5 0.5
fract72 800 800 0.5 0.5
fract73 800 800 0.5 0.5
fract74 800 800 0.5 0.5
fract75 800 800 0.5 0.5
fract76 800 800 0.5 0.5
fract77 800 800 0.5 0.5
fract78 800 800 0.5 0.5
fract79 800 800 0.5 0.5
fract80 800 800 0.5 0.5
fract81 800 800 0.5 0.5
fract82 800 800 0.5 0.5
fract83 800 800 0.5 0.5
fract84 800 800 0.5 0.5
fract85 800 800 0.5 0.5
fract86 800 800 0.5 0.5
fract87 800 800 0.5 0.5
fract88 800 800 0.5 0.5
fract89 800 800 0.5 0.5
fract90 800 800 0.5 0.5
fract91 800 800 0.5 0.5
fract92 800 800 0.5 0.5
fract93 800 800 0.5 0.5
fract94 800 800 0.5 0.5
fract95 800 800 0.5 0.5
fract96 800 800 0.5 0.5
fract97 800 800 0.5 0.5
fract98 800 800 0.5 0.5
fract99 800 800 0.5 0.5
fract100 800 800 0.5 0.5
fract101 800 800 0.5 0.5
fract102 800 800 0.5 0.5
fract103 800 800 0.5 0.5
fract104 800 800 0.5 0.5
fract105 800 800 0.5 0.5
fract106 800 800 0.5 0.5
fract107 800 800 0.5 0.5
fract108 800 800 0.5 0.5
fract109 800 800 0.5 0.5
fract110 800 800 0.5 0.5
fract111 800 800 0.5 0.5
fract112 800 800 0.5 0.5
fract113 800 800 0.5 0.5
fract114 800 800 0.5 0.5
fract115 800 800 0.5 0.5
fract116 800 800 0.5 0.5
fract117 800 800 0.5 0.5
fract118 800 800 0.5 0.5
fract119 800 800 0.5 0.5
fract120 800 800 0.5 0.5
fract121 800 800 0.5 0.5
fract122 800 800 0.5 0.5
fract123 800 800 0.5 0.5
fract124 800 800 0.5 0.5
fract125 800 800 0.5 0.5
fract126 800 800 0.5 0.5
fract127 800 800 0.5 0.5
fract128 800 800 0.5 0.5
fract129 800 800 0.5 0.5
fract130 800 800 0.5 0.5
fract131 800 800 0.5 0.5
fract132 800 800 0.5 0.5
fract133 800 800 0.5 0.5
fract134 800 800 0.5 0.5
fract135 800 800 0.5 0.5
fract136 800 800 0.5 0.5
fract137 800 800 0.5 0.5
fract138 800 800 0.5 0.5
fract139 800 800 0.5 0.5
fract140 800 800 0.5 0.5
fract141 800 800 0.5 0.5
fract142 800 800 0.5 0.5
fract143 800 800 0.5 0.5
fract144 800 800 0.5 0.5
fract145 800 800 0.5 0.5
fract146 800 800 0.5 0.5
fract147 800 800 0.5 0.5
fract148 800 800 0.5 0.5
fract149 800 800 0.5 0.5
fract150 800 800 0.5 0.5
fract151 800 800 0.5 0.5
fract152 800 800 0.5 0.5
fract153 800 800 0.5 0.5
fract154 800 800 0.5 0.5
fract155 800 800 0.5 0.5
fract156 800 800 0.5 0.5
fract157 800 800 0.5 0.5
fract158 800 800 0.5 0.5
fract159 800 800 0.5 0.5
fract160 800 800 0.5 0.5
fract161 800 800 0.5 0.5
fract162 800 800 0.5 0.5
fract163 800 800 0.5 0.5
fract164 800 800 0.5 0.5
fract165 800 800 0.5 0.5
fract166 800 800 0.5 0.5
fract167 800 800 0.5 0.5
fract168 800 800 0.5 0.5
fract169 800 800 0.5 0.5
fract170 800 800 0.5 0.5
fract171 800 800 0.5 0.5
fract172 800 800 0.5 0.5
fract173 800 800 0.5 0.5
fract174 800 800 0.5 0.5
fract175 800 800 0.5 0.5
fract176 800 800 0.5 0.5
fract177 800 800 0.5 0.5
fract178 800 800 0.5 0.5
fract179 800 800 0.5 0.5
fract180 800 800 0.5 0.5
fract181 800 800 0.5 0.5
fract182 800 800 0.5 0.5
fract183 800 800 0.5 0.5
fract184 800 800 0.5 0.5
fract185 800 800 0.5 0.5
fract186 800 800 0.5 0.5
fract187 800 800 0.5 0.5
fract188 800 800 0.5 0.5
fract189 800 800 0.5 0.5
fract190 800 800 0.5 0.5
fract191 800 800 0.5 0.5
fract192 800 800 0.5 0.5
fract193 800 800 0.5 0.5
fract194 800 800 0.5 0.5
fract195 800 800 0.5 0.5
fract196 800 800 0.5 0.5
fract197 800 800 0.5 0.5
fract198 800 800 0.5 0.5
fract199 800 800 0.5 0.5
fract200 800 800 0.5 0.5
fract201 800 800 0.5 0.5
fract202 800 800 0.5 0.5
fract203 800 800 0.5 0.5
fract204 800 800 0.5 0.5
fract205 800 800 0.5 0.5
fract206 800 800 0.5 0.5
fract207 800 800 0.5 0.5
fract208 800 800 0.5 0.5
fract209 800 800 0.5 0.5
fract210 800 800 0.5 0.5
fract211 800 800 0.5 0.5
fract212 800 800 0.5 0.5
fract213 800 800 0.5 0.5
fract214 800 800 0.5 0.5
fract215 800 800 0.5 0.5
fract216 800 800 0.5 0.5
fract217 800 800 0.5 0.5
fract218 800 800 0.5 0.5
fract219 800 800 0.5 0.5
fract220 800 800 0.5 0.5
fract221 800 800 0.5 0.5
fract222 800 800 0.5 0.5
fract223 800 800 0.5 0.5
fract224 800 800 0.5 0.5
fract225 800 800 0.5 0.5
fract226 800 800 0.5 0.5
fract227 800 800 0.5 0.5
fract228 800 800 0.5 0.5
fract229 800 800 0.5 0.5
fract230 800 800 0.5 0.5
fract231 800 800 0.5 0.5
fract232 800 800 0.5 0.5
fract233 800 800 0.5 0.5
fract234 800 800 0.5 0.5
fract235 800 800 0.5 0.5
fract236 800 800 0.5 0.5
fract237 800 800 0.5 0.5
fract238 800 800 0.5 0.5
fract239 800 800 0.5 0.5
fract240 800 800 0.5 0.5
fract241 800 800 0.5 0.5
fract242 800 800 0.5 0.5
fract243 800 800 0.5 0.5
fract244 800 800 0.5 0.5
fract245 800 800 0.5 0.5
fract246 800 800 0.5 0.5
fract247 800 800 0.5 0.5
fract248 800 800 0.5 0.5
fract249 800 800 0.5 0.5
fract250 800 800 0.5 0.5
fract251 800 800 0.5 0.5
fract252 800 800 0.5 0.5
fract253 800 800 0.5 0.5
fract254 800 800 0.5 0.5
fract255 800 800 0.5 0.5
fract256 800 800 0.5 0.5
fract257 800 800 0.5 0.5
fract258 800 800 0.5 0.5
fract259 800 800 0.5 0.5
fract260 800 800 0.5 0.5
fract261 800 800 0.5 0.5
fract262 800 800 0.5 0.5
fract263 800 800 0.5 0.5
fract264 800 800 0.5 0.5
fract265 800 800 0.5 0.5
fract266 800 800 0.5 0.5
fract267 800 800 0.5 0.5
fract268 800 800 0.5 0.5
fract269 800 800 0.5 0.5
fract270 800 800 0.5 0.5
fract271 800 800 0.5 0.5
fract272 800 800 0.5 0.5
fract273 800 800 0.5 0.5
fract274 800 800 0.5 0.5
fract275 800 800 0.5 0.5
fract276 800 800 0.5 0.5
fract277 800 800 0.5 0.5
fract278 800 800 0.5 0.5
fract279 800 800 0.5 0.5
fract280 800 800 0.5 0.5
fract281 800 800 0.5 0.5
fract282 800 800 0.5 0.5
fract283 800 800 0.5 0.5
fract284 800 800 0.5 0.5
fract285 800 800 0.5 0.5
fract286 800 800 0.5 0.5
fract287 800 800 0.5 0.5
fract288 800 800 0.5 0.5
fract289 800 800 0.5 0.5
fract290 800 800 0.5 0.5
fract291 800 800 0.5 0.5
fract292 800 800 0.5 0.5
fract293 800 800 0.5 0.5
fract294 800 800 0.5 0.5
fract295 800 800 0.5 0.5
fract296 800 800 0.5 0.5
fract297 800 800 0.5 0.5
fract298 800 800 0.5 0.5
fract299 800 800 0.5 0.5
fract300 800 800 0.5 0.5
fract301 800 800 0.5 0.5
fract302 800 800 0.5 0.5
fract303 800 800 0.5 0.5
fract304 800 800 0.5 0.5
fract305 800 800 0.5 0.5
fract306 800 800 0.5 0.5
fract307 800 800 0.5 0.5
fract308 800 800 0.5 0.5
fract309 800 800 0.5 0.5
fract310 800 800 0.5 0.5
fract311 800 800 0.5 0.5
fract312 800 800 0.5 0.5
fract313 800 800 0.5 0.5
fract314 800 800 0.5 0.5
fract315 800 800 0.5 0.5
fract316 800 800 0.5 0.5
fract317 800 800 0.5 0.5
fract318 800 800 0.5 0.5
fract319 800 800 0.5 0.5
fract320 800 800 0.5 0.5
fract321 800 800 0.5 0.5
fract322 800 800 0.5 0.5
fract323 800 800 0.5 0.5
fract324 800 800 0.5 0.5
fract325 800 800 0.5 0.5
fract326 800 800 0.5 0.5
fract327 800 800 0.5 0.5
fract328 800 800 0.5 0.5
fract329 800 800 0.5 0.5
fract330 800 800 0.5 0.5
fract331 800 800 0.5 0.5
fract332 800 800 0.5 0.5
fract333 800 800 0.5 0.5
fract334 800 800 0.5 0.5
fract335 800 800 0.5 0.5
fract336 800 800 0.5 0.5
fract337 800 800 0.5 0.5
fract338 800 800 0.5 0.5
fract339 800 800 0.5 0.5
fract340 800 800 0.5 0.5
fract341 800 800 0.5 0.5
fract342 800 800 0.5 0.5
fract343 800 800 0.5 0.5
fract344 800 800 0.5 0.5
fract345 800 800 0.5 0.5
fract346 800 800 0.5 0.5
fract347 800 800 0.5 0.5
fract348 800 800 0.5 0.5
fract349 800 800 0.5 0.5
fract350 800 800 0.5 0.5
fract351 800 800 0.5 0.5
fract352 800 800 0.5 0.5
fract353 800 800 0.5 0.5
fract354 800 800 0.5 0.5
fract355 800 800 0.5 0.5
fract356 800 800 0.5 0.5
fract357 800 800 0.5 0.5
fract358 800 800 0.5 0.5
fract359 800 800 0.5 0.5
fract360 800 800 0.5 0.5
fract361 800 800 0.5 0.5
fract362 800 800 0.5 0.5
fract363 800 800 0.5 0.5
fract364 800 800 0.5 0.5
fract365 800 800 0.5 0.5
fract366 800 800 0.5 0.5
fract367 800 800 0.5 0.5
fract368 800 800 0.5 0.5
fract369 800 800 0.5 0.5
fract370 800 800 0.5 0.5
fract371 800 800 0.5 0.5
fract372 800 800 0.5 0.5
fract373 800 800 0.5 0.5
fract374 800 800 0.5 0.5
fract375 800 800 0.5 0.5
fract376 800 800 0.5 0.5
fract377 800 800 0.5 0.5
fract378 800 800 0.5 0.5
fract379 800 800 0.5 0.5
fract380 800 800 0.5 0.5
fract381 800 800 0.5 0.5
fract382 800 800 0.5 0.5
fract383 800 800 0.5 0.5
fract384 800 800 0.5 0.5
fract385 800 800 0.5 0.5
fract386 800 800 0.5 0.5
fract387 800 800 0.5 0.5
fract388 800 800 0.5 0.5
fract389 800 800 0.5 0.5
fract390 800 800 0.5 0.5
fract391 800 800 0.5 0.5
fract392 800 800 0.5 0.5
fract393 800 800 0.5 0.5
fract394 800 800 0.5 0.5
fract395 800 800 0.5 0.5
fract396 800 800 0.5 0.5
fract397 800 800 0.5 0.5
fract398 800 800 0.5 0.5
fract399 800 800 0.5 0.5
fract400 800 800 0.5 0.5
fract401 800 800 0.5 0.5
fract402 800 800 0.5 0.5
fract403 800 800 0.5 0.5
fract404 800 800 0.5 0.5
fract405 800 800 0.5 0.5
fract406 800 800 0.5 0.5
fract407 800 800 0.5 0.5
fract408 800 800 0.5 0.5
fract409 800 800 0.5 0.5
fract410 800 800 0.5 0.5
fract411 800 800 0.5 0.5
fract412 800 800 0.5 0.5
fract413 800 800 0.5 0.5
fract414 800 800 0.5 0.5
fract415 800 800 0.5 0.5
fract416 800 800 0.5 0.5
fract417 800 800 0.5 0.5
fract418 800 800 0.5 0.5
fract419 800 800 0.5 0.5
fract420 800 800 0.5 0.5
fract421 800 800 0.5 0.5
fract422 800 800 0.5 0.5
fract423 800 800 0.5 0.5
fract424 800 800 0.5 0.5
fract425 800 800 0.5 0.5
fract426 800 800 0.5 0.5
fract427 800 800 0.5 0.5
fract428 800 800 0.5 0.5
fract429 800 800 0.5 0.5
fract430 800 800 0.5 0.5
fract431 800 800 0.5 0.5
fract432 800 800 0.5 0.5
fract433 800 800 0.5 0.5
fract434 800 800 0.5 0.5
fract435 800 800 0.5 0.5
fract436 800 800 0.5 0.5
fract437 800 800 0.5 0.5
fract438 800 800 0.5 0.5
fract439 800 800 0.5 0.5
fract440 800 800 0.5 0.5
fract441 800 800 0.5 0.5
fract442 800 800 0.5 0.5
fract443 800 800 0.5 0.5
fract444 800 800 0.5 0.5
fract445 800 800 0.5 0.5
fract446 800 800 0.5 0.5
fract447 800 800 0.5 0.5
fract448 800 800 0.5 0.5
fract449 800 800 0.5 0.5
fract450 800 800 0.5 0.5
fract451 800 800 0.5 0.5
fract452 800 800 0.5 0.5
fract453 800 800 0.5 0.5
fract454 800 800 0.5 0.5
fract455 800 800 0.5 0.5
fract456 800 800 0.5 0.5
fract457 800 800 0.5 0.5
fract458 800 800 0.5 0.5
fract459 800 800 0.5 0.5
fract460 800 800 0.5 0.5
fract461 800 800 0.5 0.5
fract462 800 800 0.5 0.5
fract463 800 800 0.5 0.5
fract464 800 800 0.5 0.5
fract465 800 800 0.5 0.5
fract466 800 800 0.5 0.5
fract467 800 800 0.5 0.5
fract468 800 800 0.5 0.5
fract469 800 800 0.5 0.5
fract470 800 800 0.5 0.5
fract471 800 800 0.5 0.5
fract472 800 800 0.5 0.5
fract473 800 800 0.5 0.5
fract474 800 800 0.5 0.5
fract475 800 800 0.5 0.5
fract476 800 800 0.5 0.5
fract477 800 800 0.5 0.5
fract478 800 800 0.5 0.5
fract479 800 800 0.5 0.5
fract480 800 800 0.5 0.5
fract481 800 800 0.5 0.5
fract482 800 800 0.5 0.5
fract483 800 800 0.5 0.5
fract484 800 800 0.5 0.5
fract485 800 800 0.5 0.5
fract486 800 800 0.5 0.5
fract487 800 800 0.5 0.5
fract488 800 800 0.5 0.5
fract489 800 800 0.5 0.5
fract490 800 800 0.5 0.5
fract491 800 800 0.5 0.5
fract492 800 800 0.5 0.5
fract493 800 800 0.5 0.5
fract494 800 800 0.5 0.5
fract495 800 800 0.5 0.5
fract496 800 800 0.5 0.5
fract497 800 800 0.5 0.5
fract498 800 800 0.5 0.5
fract499 800 800 0.5 0.5
fract500 800 800 0.5 0.5
fract501 800 800 0.5 0.5
fract502 800 800 0.5 0.5
fract503 800 800 0.5 0.5
fract504 800 800 0.5 0.5
fract505 800 800 0.5 0.5
fract506 800 800 0.5 0.5
fract507 800 800 0.5 0.5
fract508 800 800 0.5 0.5
fract509 800 800 0.5 0.5
fract510 800 800 0.5 0.5
fract511 800 800 0.5 0.5
fract512 800 800 0.5 0.5
fract513 800 800 0.5 0.5
fract514 800 800 0.5 0.5
fract515 800 800 0.5 0.5
fract516 800 800 0.5 0.5
fract517 800 800 0.5 0.5
fract518 800 800 0.5 0.5
fract519 800 800 0.5 0.5
fract520 800 800 0.5 0.5
fract521 800 800 0.5 0.5
fract522 800 800 0.5 0.5
fract523 800 800 0.5 0.5
fract524 800 800 0.5 0.5
fract525 800 800 0.5 0.5
fract526 800 800 0.5 0.5
fract527 800 800 0.5 0.5
fract528 800 800 0.5 0.5
fract529 800 800 0.5 0.5
fract530 800 800 0.5 0.5
fract531 800 800 0.5 0.5
fract532 800 800 0.5 0.5
fract533 800 800 0.5 0.5
fract534 800 800 0.5 0.5
fract535 800 800 0.5 0.5
fract536 800 800 0.5 0.5
fract537 800 800 0.5 0.5
fract538 800 800 0.5 0.5
fract539 800 800 0.5 0.5
fract540 800 800 0.5 0.5
fract541 800 800 0.5 0.5
fract542 800 800 0.5 0.5
fract543 800 800 0.5 0.5
fract544 800 800 0.5 0.5
fract545 800 800 0.5 0.5
fract546 800 800 0.5 0.5
fract547 800 800 0.5 0.5
fract548 800 800 0.5 0.5
fract549 800 800 0.5 0.5
fract550 800 800 0.5 0.5
fract551 800 800 0.5 0.5
fract552 800 800 0.5 0.5
fract553 800 800 0.5 0.5
fract554 800 800 0.5 0.5
fract555 800 800 0.5 0.5
fract556 800 800 0.5 0.5
fract557 800 800 0.5 0.5
fract558 800 800 0.5 0.5
fract559 800 800 0.5 0.5
fract560 800 800 0.5 0.5
fract561 800 800 0.5 0.5
fract562 800 800 0.5 0.5
fract563 800 800 0.5 0.5
fract564 800 800 0.5 0.5
fract565 800 800 0.5 0.5
fract566 800 800 0.5 0.5
fract567 800 800 0.5 0.5
fract568 800 800 0.5 0.5
fract569 800 800 0.5 0.5
fract570 800 800 0.5 0.5
fract571 800 800 0.5 0.5
fract572 800 800 0.5 0.5
fract573 800 800 0.5 0.5
fract574 800 800 0.5 0.5
fract575 800 800 0.5 0.5
fract576 800 800 0.5 0.5
fract577 800 800 0.5 0.5
fract578 800 800 0.5 0.5
fract579 800 800 0.5 0.5
fract580 800 800 0.5 0.5
fract581 800 800 0.5 0.5
fract582 800 800 0.5 0.5
fract583 800 800 0.5 0.5
fract584 800 800 0.5 0.5
fract585 800 800 0.5 0.5
fract586 800 800 0.5 0.5
fract587 800 800 0.5 0.5
fract588 800 800 0.5 0.5
fract589 800 800 0.5 0.5
fract590 800 800 0.5 0.5
fract591 800 800 0.5 0.5
fract592 800 800 0.5 0.5
fract593 800 800 0.5 0.5
fract594 800 800 0.5 0.5
fract595 800 800 0.5 0.5
fract596 800 800 0.5 0.5
fract597 800 800 0.5 0.5
fract598 800 800 0.5 0.5
fract599 800 800 0.5 0.5
fract600 800 800 0.5 0.5
fract601 800 800 0.5 0.5
fract602 800 800 0.5 0.5
fract603 800 800 0.5 0.5
fract604 800 800 0.5 0.5
fract605 800 800 0.5 0.5
fract606 800 800 0.5 0.5
fract607 800 800 0.5 0.5
fract608 800 800 0.5 0.5
fract609 800 800 0.5 0.5
fract610 800 800 0.5 0.5
fract611 800 800 0.5 0.5
fract612 800 800 0.5 0.5
fract613 800 800 0.5 0.5
fract614 800 800 0.5 0.5
fract615 800 800 0.5 0.5
fract616 800 800 0.5 0.5
fract617 800 800 0.5 0.5
fract618 800 800 0.5 0.5
fract619 800 800 0.5 0.5
fract620 800 800 0.5 0.5
fract621 800 800 0.5 0.5
fract622 800 800 0.5 0.5
fract623 800 800 0.5 0.5
fract624 800 800 0.5 0.5
fract625 800 800 0.5 0.5
fract626 800 800 0.5 0.5
fract627 800 800 0.5 0.5
fract628 800 800 0.5 0.5
fract629 800 800 0.5 0.5
fract630 800 800 0.5 0.5
fract631 800 800 0.5 0.5
fract632 800 800 0.5 0.5
fract633 800 800 0.5 0.5
fract634 800 800 0.5 0.5
fract635 800 800 0.5 0.5
fract636 800 800 0.5 0.5
fract637 800 800 0.5 0.5
fract638 800 800 0.5 0.5
fract639 800 800 0.5 0.5
fract640 800 800 0.5 0.5
fract641 800 800 0.5 0.5
fract642 800 800 0.5 0.5
fract643 800 800 0.5 0.5
fract644 800 800 0.5 0.5
fract645 800 800 0.5 0.5
fract646 800 800 0.5 0.5
fract647 800 800 0.5 0.5
fract648 800 800 0.5 0.5
fract649 800 800 0.5 0.5
fract650 800 800 0.5 0.5
fract651 800 800 0.5 0.5
fract652 800 800 0.5 0.5
fract653 800 800 0.5 0.5
fract654 800 800 0.5 0.5
fract655 800 800 0.5 0.5
fract656 800 800 0.5 0.5
fract657 800 800 0.5 0.5
fract658 800 800 0.5 0.5
fract659 800 800 0.5 0.5
fract660 800 800 0.5 0.5
fract661 800 800 0.5 0.5
fract662 800 800 0.5 0.5
fract663 800 800 0.5 0.5
fract664 800 800 0.5 0.5
fract665 800 800 0.5 0.5
fract666 800 800 0.5 0.5
fract667 800 800 0.5 0.5
fract668 800 800 0.5 0.5
fract669 800 800 0.5 0.5
fract670 800 800 0.5 0.5
fract671 800 800 0.5 0.5
fract672 800 800 0.5 0.5
fract673 800 800 0.5 0.5
fract674 800 800 0.5 0.5
fract675 800 800 0.5 0.5
fract676 800 800 0.5 0.5
fract677 800 800 0.5 0.5
fract678 800 800 0.5 0.5
fract679 800 800 0.5 0.5
fract680 800 800 0.5 0.5
fract681 800 800 0.5 0.5
fract682 800 800 0.5 0.5
fract683 800 800 0.5 0.5
fract684 800 800 0.5 0.5
fract685 800 800 0.5 0.5
fract686 800 800 0.5 0.5
fract687 800 800 0.5 0.5
fract688 800 800 0.5 0.5
fract689 800 800 0.5 0.5
fract690 800 800 0.5 0.5
fract691 800 800 0.5 0.5
fract692 800 800 0.5 0.5
fract693 800 800 0.5 0.5
fract694 800 800 0.5 0.5
fract695 800 800 0.5 0.5
fract696 800 800 0.5 0.5
fract697 800 800 0.5 0.5
fract698 800 800 0.5 0.5
fract699 800 800 0.5 0.5
fract700 800 800 0.5 0.5
fract701 800 800 0.5 0.5
fract702 800 800 0.5 0.5
fract703 800 800 0.5 0.5
fract704 800 800 0.5 0.5
fract705 800 800 0.5 0.5
fract706 800 800 0.5 0.5
fract707 800 800 0.5 0.5
fract708 800 800 0.5 0.5
fract709 800 800 0.5 0.5
fract710 800 800 0.5 0.5
fract711 800 800 0.5 0.5
fract712 800 800 0.5 0.5
fract713 800 800 0.5 0.5
fract714 800 800 0.5 0.5
fract715 800 800 0.5 0.5
fract716 800 800 0.5 0.5
fract717 800 800 0.5 0.5
fract718 800 800 0.5 0.5
fract719 800 800 0.5 0.5
fract720 800 800 0.5 0.5
fract721 800 800 0.5 0.5
fract722 800 800 0.5 0.5
fract723 800 800 0.5 0.5
fract724 800 800 0.5 0.5
fract725 800 800 0.5 0.5
fract726 800 800 0.5 0.5
fract727 800 800 0.5 0.5
fract728 800 800 0.5 0.5
fract729 800 800 0.5 0.5
fract730 800 800 0.5 0.5
fract731 800 800 0.5 0.5
fract732 800 800 0.5 0.5
fract733 800 800 0.5 0.5
fract734 800 800 0.5 0.5
fract735 800 800 0.5 0.5
fract736 800 800 0.5 0.5
fract737 800 800 0.5 0.5
fract738 800 800 0.5 0.5
fract739 800 800 0.5 0.5
fract740 800 800 0.5 0.5
fract741 800 800 0.5 0.5
fract742 800 800 0.5 0.5
fract743 800 800 0.5 0.5
fract744 800 800 0.5 0.5
fract745 800 800 0.5 0.5
fract746 800 800 0.5 0.5
fract747 800 800 0.5 0.5
fract748 800 800 0.5 0.5
fract749 800 800 0.5 0.5
fract750 800 800 0.5 0.5
fract751 800 800 0.5 0.5
fract752 800 800 0.5 0.5
fract753 800 800 0.5 0.5
fract754 800 800 0.5 0.5
fract755 800 800 0.5 0.5
fract756 800 800 0.5 0.5
fract757 800 800 0.5 0.5
fract758 800 800 0.5 0.5
fract759 800 800 0.5 0.5
fract760 800 800 0.5 0.5
fract761 800 800 0.5 0.5
fract762 800 800 0.5 0.5
fract763 800 800 0.5 0.5
fract764 800 800 0.5 0.5
fract765 800 800 0.5 0.5
fract766 800 800 0.5 0.5
fract767 800 800 0.5 0.5
fract768 800 800 0.5 0.5
fract769 800 800 0.5 0.5
fract770 800 800 0.5 0.5
fract771 800 800 0.5 0.5
fract772 800 800 0.5 0.5
fract773 800 800 0.5 0.5
fract774 800 800 0.5 0.5
fract775 800 800 0.5 0.5
fract776 800 800 0.5 0.5
fract777 800 800 0.5 0.5
fract778 800 800 0.5 0.5
fract779 800 800 0.5 0.5
fract780 800 800 0.5 0.5
fract781 800 800 0.5 0.5
fract782 800 800 0.5 0.5
fract783 800 800 0.5 0.5
fract784 800 800 0.5 0.5
fract785 800 800 0.5 0.5
fract786 800 800 0.5 0.5
fract787 800 800 0.5 0.5
fract788 800 800 0.5 0.5
fract789 800 800 0.5 0.5
fract790 800 800 0.5 0.5
fract791 800 800 0.5 0.5
fract792 800 800 0.5 0.5
fract793 800 800 0.5 0.5
fract794 800 800 0.5 0.5
fract795 800 800 0.5 0.5
fract796 800 800 0.5 0.5
fract797 800 800 0.5 0.5
fract798 800 800 0.5 0.5
fract799 800 800 0.5 0.5
fract800 800 800 0.5 0.5
fract801 800 800 0.5 0.5
fract802 800 800 0.5 0.5
fract803 800 800 0.5 0.5
fract804 800 800 0.5 0.5
fract805 800 800 0.5 0.5
fract806 800 800 0.5 0.5
fract807 800 800 0.5 0.5
fract808 800 800 0.5 0.5
fract809 800 800 0.5 0.5
fract810 800 800 0.5 0.5
fract811 800 800 0.5 0.5
fract812 800 800 0.5 0.5
fract813 800 800 0.5 0.5
fract814 800 800 0.5 0.5
fract815 800 800 0.5 0.5
fract816 800 800 0.5 0.5
fract817 800 800 0.5 0.5
fract818 800 800 0.5 0.5
fract819 800 800 0.5 0.5
fract820 800 800 0.5 0.5
fract821 800 800 0.5 0.5
fract822 800 800 0.5 0.5
fract823 800 800 0.5 0.5
fract824 800 800 0.5 0.5
fract825 800 800 0.5 0.5
fract826 800 800 0.5 0.5
fract827 800 800 0.5 0.5
fract828 800 800 0.5 0.5
fract829 800 800 0.5 0.5
fract830 800 800 0.5 0.5
fract831 800 800 0.5 0.5
fract832 800 800 0.5 0.5
fract833 800 800 0.5 0.5
fract834 800 800 0.5 0.5
fract835 800 800 0.5 0.5
fract836 800 800 0.5 0.5
fract837 800 800 0.5 0.5
fract838 800 800 0.5 0.5
fract839 800 800 0.5 0.5
fract840 800 800 0.5 0.5
fract841 800 800 0.5 0.5
fract842 800 800 0.5 0.5
fract843 800 800 0.5 0.5
fract844 800 800 0.5 0.5
fract845 800 800 0.5 0.5
fract846 800 800 0.5 0.5
fract847 800 800 0.5 0.5
fract848 800 800 0.5 0.5
fract849 800 800 0.5 0.5
fract850 800 800 0.5 0.5
fract851 800 800 0.5 0.5
fract852 800 800 0.5 0.5
fract853 800 800 0.5 0.5
fract854 800 800 0.5 0.5
fract855 800 800 0.5 0.5
fract856 800 800 0.5 0.5
fract857 800 800 0.5 0.5
fract858 800 800 0.5 0.5
fract859 800 800 0.5 0.5
fract860 800 800 0.5 0.5
fract861 800 800 0.5 0.5
fract862 800 800 0.5 0.5
fract863 800 800 0.5 0.5
fract864 800 800 0.5 0.5
fract865 800 800 0.5 0.5
fract866 800 800 0.5 0.5
fract867 800 800 0.5 0.5
fract868 800 800 0.5 0.5
fract869 800 800 0.5 0.5
fract870 800 800 0.5 0.5
fract871 800 800 0.5 0.5
fract872 800 800 0.5 0.5
fract873 800 800 0.5 0.5
fract874 800 800 0.5 0.5
fract875 800 800 0.5 0.5
fract876 800 800 0.5 0.5
fract877 800 800 0.5 0.5
fract878 800 800 0.5 0.5
fract879 800 800 0.5 0.5
fract880 800 800 0.5 0.5
fract881 800 800 0.5 0.5
fract882 800 800 0.5 0.5
fract883 800 800 0.5 0.5
fract884 800 800 0.5 0.5
fract885 800 800 0.5 0.5
fract886 800 800 0.5 0.5
fract887 800 800 0.5 0.5
fract888 800 800 0.5 0.5
fract889 800 800 0.5 0.5
fract890 800 800 0.5 0.5
fract891 800 800 0.5 0.5
fract892 800 800 0.5 0.5
fract893 800 800 0.5 0.5
fract894 800 800 0.5 0.5
fract895 800 800 0.5 0.5
fract896 800 800 0.5 0.5
fract897 800 800 0.5 0.5
fract898 800 800 0.5 0.5
fract899 800 800 0.5 0.5
fract900 800 800 0.5 0.5
fract901 800 800 0.5 0.5
fract902 800 800 0.5 0.5
fract903 800 800 0.5 0.5
fract904 800 800 0.5 0.5
fract905 800 800 0.5 0.5
fract906 800 800 0.5 0.5
fract907 800 800 0.5 0.5
fract908 800 800 0.5 0.5
fract909 800 800 0.5 0.5
fract910 800 800 0.5 0.5
fract911 800 800 0.5 0.5
fract912 800 800 0.5 0.5
fract913 800 800 0.5 0.5
fract914 800 800 0.5 0.5
fract915 800 800 0.5 0.5
fract916 800 800 0.5 0.5
fract917 800 800 0.5 0.5
fract918 800 800 0.5 0.5
fract919 800 800 0.5 0.5
fract920 800 800 0.5 0.5
fract921 800 800 0.5 0.5
fract922 800 800 0.5 0.5
fract923 800 800 0.5 0.5
fract924 800 800 -0.52 0.57
fract925 800 800 0.5 0.5
fract926 800 800 0.5 0.5
fract927 800 800 0.5 0.5
fract928 800 800 0.5 0.5
fract929 800 800 0.5 0.5
fract930 800 800 0.5 0.5
fract931 800 800 0.5 0.5
fract932 800 800 0.5 0.5
fract933 800 800 0.5 0.5
fract934 800 800 0.5 0.5
fract935 800 800 0.5 0.5
fract936 800 800 0.5 0.5
fract937 800 800 0.5 0.5
fract938 800 800 0.5 0.5
fract939 800 800 0.5 0.5
fract940 800 800 0.5 0.5
fract941 800 800 0.5 0.5
fract942 800 800 0.5 0.5
fract943 800 800 0.5 0.5
fract944 800 800 0.5 0.5
fract945 800 800 0.5 0.5
fract946 800 800 0.5 0.5
fract947 800 800 0.5 0.5
fract948 800 800 0.5 0.5
fract949 800 800 0.5 0.5
fract950 800 800 0.5 0.5
fract951 800 800 0.5 0.5
fract952 800 800 0.5 0.5
fract953 800 800 0.5 0.5
fract954 800 800 0.5 0.5
fract955 800 800 0.5 0.5
fract956 800 800 0.5 0.5
fract957 800 800 0.5 0.5
fract958 800 800 0.5 0.5
fract959 800 800 0.5 0.5
fract960 800 800 0.5 0.5
fract961 800 800 0.5 0.5
fract962 800 800 0.5 0.5
fract963 800 800 0.5 0.5
fract964 800 800 0.5 0.5
fract965 800 800 0.5 0.5
fract966 800 800 0.5 0.5
fract967 800 800 0.5 0.5
fract968 800 800 0.5 0.5
fract969 800 800 0.5 0.5
fract970 800 800 0.5 0.5
fract971 800 800 0.5 0.5
fract972 800 800 0.5 0.5
fract973 800 800 0.5 0.5
fract974 800 800 0.5 0.5
fract975 800 800 0.5 0.5
fract976 800 800 0.5 0.5
fract977 800 800 0.5 0.5
fract978 800 800 0.5 0.5
fract979 800 800 0.5 0.5
fract980 800 800 0.5 0.5
fract981 800 800 0.5 0.5
fract982 800 800 0.5 0.5
fract983 800 800 0.5 0.5
fract984 800 800 0.5 0.5
fract985 800 800 0.5 0.5
fract986 800 800 0.5 0.5
fract987 800 800 0.5 0.5
fract988 800 800 0.5 0.5
fract989 800 800 0.5 0.5
fract990 800 800 0.5 0.5
fract991 800 800 0.5 0.5
fract992 800 800 0.5 0.5
fract993 800 800 0.5 0.5
fract994 800 800 0.5 0.5
fract995 800 800 0.5 0.5
fract996 800 800 0.5 0.5
fract997 800 800 0.5 0.5
fract998 800 800 0.5 0.5
fract999 800 800 0.5 0.5
fract1000 800 800 0.5 0.5
